%% Filters design
freqArray = [31, 62, 125, 250, 500, 1000, 2000, 4000, 8000,16000];
order = 1024; % должен быть четным
fS = 44100;   



%% 